 Full   Freq   J0133   3C48  ForA   3C123  J0444   3C138   PicA 3C144  3C147   3C196    3C218 3C274  3C286   3C295    3C348  3C353   3C380  3C405   3C444  3C461   Err
    1   0.074   0.00  72.800    0  409.00   0.00   0.000    0.0  1750  57.40  131.000  601.00  2020  29.90  125.000    0.00  422.0  127.00  17100   0.000  18500   0.5
    2   0.232  25.20  53.500  416  189.00  30.70  18.100  243.0  1240  61.60   60.600  216.00   870  27.80   72.800  281.00  190.0   52.90   7940  52.600   6960   1.6
    3   0.247  19.50  52.100  433  180.00  30.10  18.200  234.0  1220  60.90   57.900  209.00   822  28.20   70.500  263.00  181.0   52.40   7570  50.700   6620   1.0
    4   0.275  24.20  47.800  395  164.00  27.20  17.600  216.0  1170  57.70   52.600  185.00   769  27.20   65.900  238.00  171.0   47.20   6970  45.500   6040   0.3
    5   0.296  19.70  46.400  366  157.00  25.80  17.000  207.0  1160  56.40   50.300  177.00   729  27.00   64.100  222.00  164.0   45.40   6580  42.500   5720   0.2
    6   0.312  22.50  45.000  346  150.00  24.80  16.700  197.0  1130  55.00   48.300  169.00   702  26.20   61.900  211.00  158.0   43.30   6310  39.700   5580   0.7
    7   0.328  21.60  43.700  345  145.00  23.70  16.500  190.0  1130  53.70   46.500  161.00   672  26.30   60.400  201.00  152.0   41.70   6060  38.400   5270   0.2
    8   0.344  19.60  42.700  335  141.00  22.80  16.200  186.0  1130  53.00   45.100  155.00   647  26.20   59.200  193.00  149.0   40.40   5830  37.500   5110   0.3
    9   0.357  19.60  41.500  318  137.00  22.20  15.800  180.0  1110  51.70   43.600  150.00   628  25.80   57.700  185.00  144.0   39.00   5650  35.000   4950   0.3
   10   0.382  18.10  40.100  313  130.00  21.10  15.500  171.0  1090  50.10   41.700  141.00   596  25.30   55.900  173.00  138.0   37.30   5340  33.400   4700   0.4
   11   0.392  18.90  39.400  309  128.00  20.70  15.500  169.0  1100  49.50   40.800  138.00   589  25.30   55.000  169.00  136.0   36.20   5230  32.200   4590   0.5
   12   0.403  19.60  38.800  309  126.00  20.60  15.300  169.0  1090  49.10   40.300  136.00   583  25.00   54.200  166.00  133.0   35.50   5110  31.200   4480   0.5
   13   0.422  19.10  37.500  294  121.00  19.40  14.900  159.0  1070  47.50   38.300  129.00   556  24.50   52.400  158.00  129.0   34.10   4910  29.600   4330   0.4
   14   0.437  17.70  36.400  283  117.00  18.60  14.600  154.0  1060  46.20   37.000  125.00   538  24.20   51.100  151.00  125.0   33.00   4770  28.700   4200   0.7
   15   0.457  17.80  35.800  274  114.00  18.60  14.700  157.0  1060  45.50   36.100  121.00   525  24.00   50.200  147.00  122.0   32.10   4590  27.700   4090   0.6
   16   0.471  17.90  35.000  275  112.00  18.00  14.200  152.0  1050  44.70   35.100  118.00   520  23.60   49.100  142.00  121.0   31.00   4470  26.500   3990   0.6
   17   1.040  10.30  20.300    0   60.60   8.96   9.980   83.1   880  27.40   18.600   57.40   270  17.10   28.400   64.00   70.4   16.50   2140  12.200   2210   0.5
   18   1.490   8.18  15.500    0   45.70   6.50   8.260   64.1   817  21.20   13.600   41.60   202  14.50   21.300   45.40   54.9   12.60   1490   8.500   1700   0.5
   19   1.810   7.15  13.300    0   39.20   5.43   7.430   55.7   785  18.40   11.500   34.90   172  13.20   18.000   36.50   47.8   10.90   1210   6.990   1480   0.5
   20   2.050   6.58  12.000    0   35.50   0.00   6.910   50.5   752  16.70   10.200   30.80   154  12.40   16.100   31.90   43.2    9.91   1040   6.110   1300   0.4
   21   2.950   4.93   8.650    0   25.60   0.00   5.500   37.3   681  12.20    7.130   21.20     0  10.10   11.200   21.30   32.4    7.49    682   4.090    973   0.5
   22   3.670   0.00   7.070    0   21.00   0.00   4.780   30.6   632  10.10    5.700   16.90     0   8.78    8.820   16.50   26.4    6.43    521   3.150    814   0.5
   23   4.760   0.00   5.520    0   16.40   0.00   4.000    0.0     0   7.90    4.310   13.19     0   7.44    6.580   12.40    0.0    5.33    377   2.310      0   0.5
   24   6.560   0.00   4.040    0   11.90   0.00   3.170    0.0     0   5.90    3.040    9.60     0   6.03    4.520    8.49    0.0    4.38    259   1.560      0   0.6
   25   8.590   0.00   3.100    0    9.11   0.00   2.600    0.0     0   4.60    2.260    7.31     0   5.00    3.250    6.16    0.0    3.77    187   1.100      0   0.4
   26  11.100   0.00   2.410    0    7.01   0.00   2.150    0.0     0   3.60    1.700    5.55     0   4.19    2.370    4.52    0.0    3.36    136   0.774      0   0.5
   27  14.200   0.00   1.880    0    5.40   0.00   1.790    0.0     0   2.90    1.280    4.37     0   3.50    1.730    0.00    0.0    3.04      0   0.000      0   0.5
   28  16.600   0.00   1.620    0    4.61   0.00   1.600    0.0     0   2.51    1.070    3.77     0   3.15    1.400    0.00    0.0    2.87      0   0.000      0   0.5
   29  19.100   0.00   1.410    0    3.95   0.00   1.430    0.0     0   2.21    0.904    0.00     0   2.82    1.180    0.00    0.0    2.67      0   0.000      0   0.6
   30  25.600   0.00   1.050    0    2.88   0.00   1.150    0.0     0   1.71    0.638    0.00     0   2.27    0.805    0.00    0.0    2.32      0   0.000      0   0.7
   31  32.100   0.00   0.839    0    2.18   0.00   0.968    0.0     0   1.42    0.488    0.00     0   1.92    0.599    0.00    0.0    2.06      0   0.000      0   0.8
   32  37.100   0.00   0.731    0    1.87   0.00   0.871    0.0     0   1.27    0.413    0.00     0   1.71    0.493    0.00    0.0    1.86      0   0.000      0   0.7
   33  42.100   0.00   0.651    0    1.58   0.00   0.795    0.0     0   1.16    0.357    0.00     0   1.58    0.410    0.00    0.0    1.74      0   0.000      0   0.8
   34  48.100   0.00   0.587    0    1.36   0.00   0.724    0.0     0   1.07    0.298    0.00     0   1.42    0.350    0.00    0.0    1.64      0   0.000      0   4.7
